 sales =
 [
  [
    330662,
    370662,
    400662,
    410662,
    410662,
    433136,
    434130,
    497716,
    389213,
    344095,
    280587,
    330381,
    316641,
    287410,
    300778,
    310676,
    280676,
    260676,
    245902,
    351342,
    347385,
    361316,
    337099,
    319957,
    316611,
    304596,
    394443,
    1115477,
    3019588,
    1295301,
    786726
  ],
  [
    644785,
    655269,
    675024,
    750024,
    665024,
    675024,
    705024,
    675024,
    695024,
    685024,
    645024,
    675024,
    685024,
    685824,
    675024,
    665024,
    755024,
    725024,
    705024,
    675024,
    755024,
    850024,
    1079979,
    823179,
    667667,
    1131933,
    1111564,
    355286,
    0,
    0,
    0
  ],
  [
    247308,
    246527,
    320066,
    289869,
    261226,
    247543,
    219077,
    222319,
    248806,
    330847,
    291845,
    280906,
    261615,
    221615,
    241615,
    221615,
    246083,
    231649,
    223718,
    201161,
    182378,
    174560,
    232325,
    291054,
    272185,
    236357,
    203794,
    203479,
    205825,
    241424,
    265565
  ],
  [
    270052,
    252394,
    205129,
    248632,
    188157,
    223509,
    239589,
    216577,
    191687,
    176621,
    166573,
    133047,
    167928,
    194634,
    199288,
    431198,
    2608379,
    950588,
    482433,
    318044,
    1035700,
    713030,
    223290,
    172263,
    179263,
    182263,
    180355,
    209918,
    177560,
    187560,
    0
  ],
  [
    190118,
    206039,
    185486,
    221259,
    288556,
    268680,
    260737,
    214554,
    196425,
    161084,
    207298,
    259692,
    232504,
    234939,
    216480,
    184622,
    144842,
    185285,
    229723,
    250137,
    205194,
    113520,
    133520,
    127520,
    143520,
    157358,
    320445,
    217795,
    195208,
    165373,
    183623
  ],
  [
    239207,
    289605,
    295183,
    275502,
    262484,
    209432,
    185726,
    232638,
    292385,
    258581,
    243401,
    197533,
    188229,
    179229,
    183229,
    214374,
    198112,
    204901,
    256134,
    180688,
    144644,
    175604,
    370718,
    186040,
    170163,
    177118,
    198827,
    208827,
    198827,
    238877,
    0
  ],
  [
    202876,
    192876,
    188876,
    195876,
    192876,
    200876,
    192876,
    202876,
    199876,
    195876,
    202876,
    200876,
    192876,
    203873,
    232426,
    189724,
    200733,
    189083,
    158727,
    184389,
    210810,
    192588,
    679635,
    2752238,
    1053488,
    590476,
    587564,
    1094075,
    830383,
    345504,
    267812
  ],
  [
    240474,
    215540,
    259760,
    252563,
    261154,
    230125,
    213281,
    353526,
    257080,
    247965,
    298415,
    299785,
    533716,
    2736681,
    1281446,
    755694,
    643393,
    1042922,
    635819,
    514875,
    454147,
    704147,
    784147,
    906144,
    772151,
    323559,
    254947,
    254947,
    254947,
    254947,
    254947
  ],
  [
    239124,
    346727,
    319263,
    304660,
    298316,
    249763,
    265507,
    431353,
    353018,
    305865,
    322274,
    309032,
    320411,
    366935,
    428853,
    411343,
    332458,
    303244,
    279241,
    240088,
    295786,
    392053,
    351147,
    336610,
    345231,
    304080,
    228172,
    304359,
    462633,
    531570,
    0
  ],
  [
    2285315,
    1120770,
    785336,
    622141,
    756431,
    781817,
    590094,
    412241,
    343037,
    344768,
    341243,
    414664,
    563657,
    454531,
    459435,
    433827,
    359094,
    325566,
    489183,
    595071,
    530089,
    494554,
    454004,
    472540,
    452540,
    422540,
    486543,
    401480,
    406972,
    422417,
    411653
  ],
  [
    626435,
    666435,
    669987,
    594779,
    734779,
    624779,
    704779,
    794779,
    778130,
    902207,
    1186462,
    1094901,
    1169932,
    1163238,
    1209128,
    1940460,
    2711758,
    3113137,
    1029998,
    862282,
    909220,
    839220,
    899220,
    985252,
    769324,
    786458,
    552207,
    1439709,
    996437,
    1204980,
    0
  ],
  [
    3269420,
    1582086,
    1483121,
    1830512,
    1459081,
    1525233,
    1754974,
    2157126,
    1981765,
    1916003,
    1929062,
    1873994,
    1772537,
    2027916,
    2453967,
    2131733,
    1952047,
    1932047,
    1452047,
    1252047,
    1094962,
    1159262,
    802062,
    552062,
    502062,
    482062,
    492062,
    452062,
    606286,
    551702,
    434586
  ]
];

